T(-90.0) =
[0.0, 1.0, -0.0]
[1.0, 0.0, 0.0]
[0.0, -0.0, -1.0]
------------------------------------
T(-89.0) =
[0.0003, 0.9997, -0.0349]
[0.9997, 0.0003, 0.0349]
[0.01745, -0.01745, -0.99939]
------------------------------------
T(-88.0) =
[0.00122, 0.99878, -0.06976]
[0.99878, 0.00122, 0.06976]
[0.03488, -0.03488, -0.99756]
------------------------------------
T(-87.0) =
[0.00274, 0.99726, -0.10453]
[0.99726, 0.00274, 0.10453]
[0.05226, -0.05226, -0.99452]
------------------------------------
T(-86.0) =
[0.00487, 0.99513, -0.13917]
[0.99513, 0.00487, 0.13917]
[0.06959, -0.06959, -0.99027]
------------------------------------
T(-85.0) =
[0.0076, 0.9924, -0.17365]
[0.9924, 0.0076, 0.17365]
[0.08682, -0.08682, -0.98481]
------------------------------------
T(-84.0) =
[0.01093, 0.98907, -0.20791]
[0.98907, 0.01093, 0.20791]
[0.10396, -0.10396, -0.97815]
------------------------------------
T(-83.0) =
[0.01485, 0.98515, -0.24192]
[0.98515, 0.01485, 0.24192]
[0.12096, -0.12096, -0.9703]
------------------------------------
T(-82.0) =
[0.01937, 0.98063, -0.27564]
[0.98063, 0.01937, 0.27564]
[0.13782, -0.13782, -0.96126]
------------------------------------
T(-81.0) =
[0.02447, 0.97553, -0.30902]
[0.97553, 0.02447, 0.30902]
[0.15451, -0.15451, -0.95106]
------------------------------------
T(-80.0) =
[0.03015, 0.96985, -0.34202]
[0.96985, 0.03015, 0.34202]
[0.17101, -0.17101, -0.93969]
------------------------------------
T(-79.0) =
[0.03641, 0.96359, -0.37461]
[0.96359, 0.03641, 0.37461]
[0.1873, -0.1873, -0.92718]
------------------------------------
T(-78.0) =
[0.04323, 0.95677, -0.40674]
[0.95677, 0.04323, 0.40674]
[0.20337, -0.20337, -0.91355]
------------------------------------
T(-77.0) =
[0.0506, 0.9494, -0.43837]
[0.9494, 0.0506, 0.43837]
[0.21919, -0.21919, -0.89879]
------------------------------------
T(-76.0) =
[0.05853, 0.94147, -0.46947]
[0.94147, 0.05853, 0.46947]
[0.23474, -0.23474, -0.88295]
------------------------------------
T(-75.0) =
[0.06699, 0.93301, -0.5]
[0.93301, 0.06699, 0.5]
[0.25, -0.25, -0.86603]
------------------------------------
T(-74.0) =
[0.07598, 0.92402, -0.52992]
[0.92402, 0.07598, 0.52992]
[0.26496, -0.26496, -0.84805]
------------------------------------
T(-73.0) =
[0.08548, 0.91452, -0.55919]
[0.91452, 0.08548, 0.55919]
[0.2796, -0.2796, -0.82904]
------------------------------------
T(-72.0) =
[0.09549, 0.90451, -0.58779]
[0.90451, 0.09549, 0.58779]
[0.29389, -0.29389, -0.80902]
------------------------------------
T(-71.0) =
[0.10599, 0.89401, -0.61566]
[0.89401, 0.10599, 0.61566]
[0.30783, -0.30783, -0.78801]
------------------------------------
T(-70.0) =
[0.11698, 0.88302, -0.64279]
[0.88302, 0.11698, 0.64279]
[0.32139, -0.32139, -0.76604]
------------------------------------
T(-69.0) =
[0.12843, 0.87157, -0.66913]
[0.87157, 0.12843, 0.66913]
[0.33457, -0.33457, -0.74314]
------------------------------------
T(-68.0) =
[0.14033, 0.85967, -0.69466]
[0.85967, 0.14033, 0.69466]
[0.34733, -0.34733, -0.71934]
------------------------------------
T(-67.0) =
[0.15267, 0.84733, -0.71934]
[0.84733, 0.15267, 0.71934]
[0.35967, -0.35967, -0.69466]
------------------------------------
T(-66.0) =
[0.16543, 0.83457, -0.74314]
[0.83457, 0.16543, 0.74314]
[0.37157, -0.37157, -0.66913]
------------------------------------
T(-65.0) =
[0.17861, 0.82139, -0.76604]
[0.82139, 0.17861, 0.76604]
[0.38302, -0.38302, -0.64279]
------------------------------------
T(-64.0) =
[0.19217, 0.80783, -0.78801]
[0.80783, 0.19217, 0.78801]
[0.39401, -0.39401, -0.61566]
------------------------------------
T(-63.0) =
[0.20611, 0.79389, -0.80902]
[0.79389, 0.20611, 0.80902]
[0.40451, -0.40451, -0.58779]
------------------------------------
T(-62.0) =
[0.2204, 0.7796, -0.82904]
[0.7796, 0.2204, 0.82904]
[0.41452, -0.41452, -0.55919]
------------------------------------
T(-60.99999999999999) =
[0.23504, 0.76496, -0.84805]
[0.76496, 0.23504, 0.84805]
[0.42402, -0.42402, -0.52992]
------------------------------------
T(-59.99999999999999) =
[0.25, 0.75, -0.86603]
[0.75, 0.25, 0.86603]
[0.43301, -0.43301, -0.5]
------------------------------------
T(-59.00000000000001) =
[0.26526, 0.73474, -0.88295]
[0.73474, 0.26526, 0.88295]
[0.44147, -0.44147, -0.46947]
------------------------------------
T(-58.00000000000001) =
[0.28081, 0.71919, -0.89879]
[0.71919, 0.28081, 0.89879]
[0.4494, -0.4494, -0.43837]
------------------------------------
T(-57.0) =
[0.29663, 0.70337, -0.91355]
[0.70337, 0.29663, 0.91355]
[0.45677, -0.45677, -0.40674]
------------------------------------
T(-56.0) =
[0.3127, 0.6873, -0.92718]
[0.6873, 0.3127, 0.92718]
[0.46359, -0.46359, -0.37461]
------------------------------------
T(-55.0) =
[0.32899, 0.67101, -0.93969]
[0.67101, 0.32899, 0.93969]
[0.46985, -0.46985, -0.34202]
------------------------------------
T(-54.0) =
[0.34549, 0.65451, -0.95106]
[0.65451, 0.34549, 0.95106]
[0.47553, -0.47553, -0.30902]
------------------------------------
T(-53.0) =
[0.36218, 0.63782, -0.96126]
[0.63782, 0.36218, 0.96126]
[0.48063, -0.48063, -0.27564]
------------------------------------
T(-52.0) =
[0.37904, 0.62096, -0.9703]
[0.62096, 0.37904, 0.9703]
[0.48515, -0.48515, -0.24192]
------------------------------------
T(-51.0) =
[0.39604, 0.60396, -0.97815]
[0.60396, 0.39604, 0.97815]
[0.48907, -0.48907, -0.20791]
------------------------------------
T(-50.0) =
[0.41318, 0.58682, -0.98481]
[0.58682, 0.41318, 0.98481]
[0.4924, -0.4924, -0.17365]
------------------------------------
T(-49.0) =
[0.43041, 0.56959, -0.99027]
[0.56959, 0.43041, 0.99027]
[0.49513, -0.49513, -0.13917]
------------------------------------
T(-48.0) =
[0.44774, 0.55226, -0.99452]
[0.55226, 0.44774, 0.99452]
[0.49726, -0.49726, -0.10453]
------------------------------------
T(-47.0) =
[0.46512, 0.53488, -0.99756]
[0.53488, 0.46512, 0.99756]
[0.49878, -0.49878, -0.06976]
------------------------------------
T(-46.0) =
[0.48255, 0.51745, -0.99939]
[0.51745, 0.48255, 0.99939]
[0.4997, -0.4997, -0.0349]
------------------------------------
T(-45.0) =
[0.5, 0.5, -1.0]
[0.5, 0.5, 1.0]
[0.5, -0.5, 0.0]
------------------------------------
T(-44.0) =
[0.51745, 0.48255, -0.99939]
[0.48255, 0.51745, 0.99939]
[0.4997, -0.4997, 0.0349]
------------------------------------
T(-43.0) =
[0.53488, 0.46512, -0.99756]
[0.46512, 0.53488, 0.99756]
[0.49878, -0.49878, 0.06976]
------------------------------------
T(-42.0) =
[0.55226, 0.44774, -0.99452]
[0.44774, 0.55226, 0.99452]
[0.49726, -0.49726, 0.10453]
------------------------------------
T(-41.0) =
[0.56959, 0.43041, -0.99027]
[0.43041, 0.56959, 0.99027]
[0.49513, -0.49513, 0.13917]
------------------------------------
T(-40.0) =
[0.58682, 0.41318, -0.98481]
[0.41318, 0.58682, 0.98481]
[0.4924, -0.4924, 0.17365]
------------------------------------
T(-39.0) =
[0.60396, 0.39604, -0.97815]
[0.39604, 0.60396, 0.97815]
[0.48907, -0.48907, 0.20791]
------------------------------------
T(-38.0) =
[0.62096, 0.37904, -0.9703]
[0.37904, 0.62096, 0.9703]
[0.48515, -0.48515, 0.24192]
------------------------------------
T(-37.0) =
[0.63782, 0.36218, -0.96126]
[0.36218, 0.63782, 0.96126]
[0.48063, -0.48063, 0.27564]
------------------------------------
T(-36.0) =
[0.65451, 0.34549, -0.95106]
[0.34549, 0.65451, 0.95106]
[0.47553, -0.47553, 0.30902]
------------------------------------
T(-35.0) =
[0.67101, 0.32899, -0.93969]
[0.32899, 0.67101, 0.93969]
[0.46985, -0.46985, 0.34202]
------------------------------------
T(-34.0) =
[0.6873, 0.3127, -0.92718]
[0.3127, 0.6873, 0.92718]
[0.46359, -0.46359, 0.37461]
------------------------------------
T(-33.0) =
[0.70337, 0.29663, -0.91355]
[0.29663, 0.70337, 0.91355]
[0.45677, -0.45677, 0.40674]
------------------------------------
T(-32.0) =
[0.71919, 0.28081, -0.89879]
[0.28081, 0.71919, 0.89879]
[0.4494, -0.4494, 0.43837]
------------------------------------
T(-31.0) =
[0.73474, 0.26526, -0.88295]
[0.26526, 0.73474, 0.88295]
[0.44147, -0.44147, 0.46947]
------------------------------------
T(-29.999999999999996) =
[0.75, 0.25, -0.86603]
[0.25, 0.75, 0.86603]
[0.43301, -0.43301, 0.5]
------------------------------------
T(-29.000000000000004) =
[0.76496, 0.23504, -0.84805]
[0.23504, 0.76496, 0.84805]
[0.42402, -0.42402, 0.52992]
------------------------------------
T(-28.0) =
[0.7796, 0.2204, -0.82904]
[0.2204, 0.7796, 0.82904]
[0.41452, -0.41452, 0.55919]
------------------------------------
T(-27.0) =
[0.79389, 0.20611, -0.80902]
[0.20611, 0.79389, 0.80902]
[0.40451, -0.40451, 0.58779]
------------------------------------
T(-26.0) =
[0.80783, 0.19217, -0.78801]
[0.19217, 0.80783, 0.78801]
[0.39401, -0.39401, 0.61566]
------------------------------------
T(-25.0) =
[0.82139, 0.17861, -0.76604]
[0.17861, 0.82139, 0.76604]
[0.38302, -0.38302, 0.64279]
------------------------------------
T(-24.0) =
[0.83457, 0.16543, -0.74314]
[0.16543, 0.83457, 0.74314]
[0.37157, -0.37157, 0.66913]
------------------------------------
T(-23.0) =
[0.84733, 0.15267, -0.71934]
[0.15267, 0.84733, 0.71934]
[0.35967, -0.35967, 0.69466]
------------------------------------
T(-22.0) =
[0.85967, 0.14033, -0.69466]
[0.14033, 0.85967, 0.69466]
[0.34733, -0.34733, 0.71934]
------------------------------------
T(-21.0) =
[0.87157, 0.12843, -0.66913]
[0.12843, 0.87157, 0.66913]
[0.33457, -0.33457, 0.74314]
------------------------------------
T(-20.0) =
[0.88302, 0.11698, -0.64279]
[0.11698, 0.88302, 0.64279]
[0.32139, -0.32139, 0.76604]
------------------------------------
T(-19.0) =
[0.89401, 0.10599, -0.61566]
[0.10599, 0.89401, 0.61566]
[0.30783, -0.30783, 0.78801]
------------------------------------
T(-18.0) =
[0.90451, 0.09549, -0.58779]
[0.09549, 0.90451, 0.58779]
[0.29389, -0.29389, 0.80902]
------------------------------------
T(-17.0) =
[0.91452, 0.08548, -0.55919]
[0.08548, 0.91452, 0.55919]
[0.2796, -0.2796, 0.82904]
------------------------------------
T(-16.0) =
[0.92402, 0.07598, -0.52992]
[0.07598, 0.92402, 0.52992]
[0.26496, -0.26496, 0.84805]
------------------------------------
T(-14.999999999999998) =
[0.93301, 0.06699, -0.5]
[0.06699, 0.93301, 0.5]
[0.25, -0.25, 0.86603]
------------------------------------
T(-14.0) =
[0.94147, 0.05853, -0.46947]
[0.05853, 0.94147, 0.46947]
[0.23474, -0.23474, 0.88295]
------------------------------------
T(-13.0) =
[0.9494, 0.0506, -0.43837]
[0.0506, 0.9494, 0.43837]
[0.21919, -0.21919, 0.89879]
------------------------------------
T(-12.0) =
[0.95677, 0.04323, -0.40674]
[0.04323, 0.95677, 0.40674]
[0.20337, -0.20337, 0.91355]
------------------------------------
T(-11.0) =
[0.96359, 0.03641, -0.37461]
[0.03641, 0.96359, 0.37461]
[0.1873, -0.1873, 0.92718]
------------------------------------
T(-10.0) =
[0.96985, 0.03015, -0.34202]
[0.03015, 0.96985, 0.34202]
[0.17101, -0.17101, 0.93969]
------------------------------------
T(-9.0) =
[0.97553, 0.02447, -0.30902]
[0.02447, 0.97553, 0.30902]
[0.15451, -0.15451, 0.95106]
------------------------------------
T(-8.0) =
[0.98063, 0.01937, -0.27564]
[0.01937, 0.98063, 0.27564]
[0.13782, -0.13782, 0.96126]
------------------------------------
T(-7.0) =
[0.98515, 0.01485, -0.24192]
[0.01485, 0.98515, 0.24192]
[0.12096, -0.12096, 0.9703]
------------------------------------
T(-6.0) =
[0.98907, 0.01093, -0.20791]
[0.01093, 0.98907, 0.20791]
[0.10396, -0.10396, 0.97815]
------------------------------------
T(-5.0) =
[0.9924, 0.0076, -0.17365]
[0.0076, 0.9924, 0.17365]
[0.08682, -0.08682, 0.98481]
------------------------------------
T(-4.0) =
[0.99513, 0.00487, -0.13917]
[0.00487, 0.99513, 0.13917]
[0.06959, -0.06959, 0.99027]
------------------------------------
T(-3.0) =
[0.99726, 0.00274, -0.10453]
[0.00274, 0.99726, 0.10453]
[0.05226, -0.05226, 0.99452]
------------------------------------
T(-2.0) =
[0.99878, 0.00122, -0.06976]
[0.00122, 0.99878, 0.06976]
[0.03488, -0.03488, 0.99756]
------------------------------------
T(-1.0) =
[0.9997, 0.0003, -0.0349]
[0.0003, 0.9997, 0.0349]
[0.01745, -0.01745, 0.99939]
------------------------------------
T(0.0) =
[1.0, 0.0, 0.0]
[0.0, 1.0, -0.0]
[-0.0, 0.0, 1.0]
------------------------------------
T(1.0) =
[0.9997, 0.0003, 0.0349]
[0.0003, 0.9997, -0.0349]
[-0.01745, 0.01745, 0.99939]
------------------------------------
T(2.0) =
[0.99878, 0.00122, 0.06976]
[0.00122, 0.99878, -0.06976]
[-0.03488, 0.03488, 0.99756]
------------------------------------
T(3.0) =
[0.99726, 0.00274, 0.10453]
[0.00274, 0.99726, -0.10453]
[-0.05226, 0.05226, 0.99452]
------------------------------------
T(4.0) =
[0.99513, 0.00487, 0.13917]
[0.00487, 0.99513, -0.13917]
[-0.06959, 0.06959, 0.99027]
------------------------------------
T(5.0) =
[0.9924, 0.0076, 0.17365]
[0.0076, 0.9924, -0.17365]
[-0.08682, 0.08682, 0.98481]
------------------------------------
T(6.0) =
[0.98907, 0.01093, 0.20791]
[0.01093, 0.98907, -0.20791]
[-0.10396, 0.10396, 0.97815]
------------------------------------
T(7.0) =
[0.98515, 0.01485, 0.24192]
[0.01485, 0.98515, -0.24192]
[-0.12096, 0.12096, 0.9703]
------------------------------------
T(8.0) =
[0.98063, 0.01937, 0.27564]
[0.01937, 0.98063, -0.27564]
[-0.13782, 0.13782, 0.96126]
------------------------------------
T(9.0) =
[0.97553, 0.02447, 0.30902]
[0.02447, 0.97553, -0.30902]
[-0.15451, 0.15451, 0.95106]
------------------------------------
T(10.0) =
[0.96985, 0.03015, 0.34202]
[0.03015, 0.96985, -0.34202]
[-0.17101, 0.17101, 0.93969]
------------------------------------
T(11.0) =
[0.96359, 0.03641, 0.37461]
[0.03641, 0.96359, -0.37461]
[-0.1873, 0.1873, 0.92718]
------------------------------------
T(12.0) =
[0.95677, 0.04323, 0.40674]
[0.04323, 0.95677, -0.40674]
[-0.20337, 0.20337, 0.91355]
------------------------------------
T(13.0) =
[0.9494, 0.0506, 0.43837]
[0.0506, 0.9494, -0.43837]
[-0.21919, 0.21919, 0.89879]
------------------------------------
T(14.0) =
[0.94147, 0.05853, 0.46947]
[0.05853, 0.94147, -0.46947]
[-0.23474, 0.23474, 0.88295]
------------------------------------
T(14.999999999999998) =
[0.93301, 0.06699, 0.5]
[0.06699, 0.93301, -0.5]
[-0.25, 0.25, 0.86603]
------------------------------------
T(16.0) =
[0.92402, 0.07598, 0.52992]
[0.07598, 0.92402, -0.52992]
[-0.26496, 0.26496, 0.84805]
------------------------------------
T(17.0) =
[0.91452, 0.08548, 0.55919]
[0.08548, 0.91452, -0.55919]
[-0.2796, 0.2796, 0.82904]
------------------------------------
T(18.0) =
[0.90451, 0.09549, 0.58779]
[0.09549, 0.90451, -0.58779]
[-0.29389, 0.29389, 0.80902]
------------------------------------
T(19.0) =
[0.89401, 0.10599, 0.61566]
[0.10599, 0.89401, -0.61566]
[-0.30783, 0.30783, 0.78801]
------------------------------------
T(20.0) =
[0.88302, 0.11698, 0.64279]
[0.11698, 0.88302, -0.64279]
[-0.32139, 0.32139, 0.76604]
------------------------------------
T(21.0) =
[0.87157, 0.12843, 0.66913]
[0.12843, 0.87157, -0.66913]
[-0.33457, 0.33457, 0.74314]
------------------------------------
T(22.0) =
[0.85967, 0.14033, 0.69466]
[0.14033, 0.85967, -0.69466]
[-0.34733, 0.34733, 0.71934]
------------------------------------
T(23.0) =
[0.84733, 0.15267, 0.71934]
[0.15267, 0.84733, -0.71934]
[-0.35967, 0.35967, 0.69466]
------------------------------------
T(24.0) =
[0.83457, 0.16543, 0.74314]
[0.16543, 0.83457, -0.74314]
[-0.37157, 0.37157, 0.66913]
------------------------------------
T(25.0) =
[0.82139, 0.17861, 0.76604]
[0.17861, 0.82139, -0.76604]
[-0.38302, 0.38302, 0.64279]
------------------------------------
T(26.0) =
[0.80783, 0.19217, 0.78801]
[0.19217, 0.80783, -0.78801]
[-0.39401, 0.39401, 0.61566]
------------------------------------
T(27.0) =
[0.79389, 0.20611, 0.80902]
[0.20611, 0.79389, -0.80902]
[-0.40451, 0.40451, 0.58779]
------------------------------------
T(28.0) =
[0.7796, 0.2204, 0.82904]
[0.2204, 0.7796, -0.82904]
[-0.41452, 0.41452, 0.55919]
------------------------------------
T(29.000000000000004) =
[0.76496, 0.23504, 0.84805]
[0.23504, 0.76496, -0.84805]
[-0.42402, 0.42402, 0.52992]
------------------------------------
T(29.999999999999996) =
[0.75, 0.25, 0.86603]
[0.25, 0.75, -0.86603]
[-0.43301, 0.43301, 0.5]
------------------------------------
T(31.0) =
[0.73474, 0.26526, 0.88295]
[0.26526, 0.73474, -0.88295]
[-0.44147, 0.44147, 0.46947]
------------------------------------
T(32.0) =
[0.71919, 0.28081, 0.89879]
[0.28081, 0.71919, -0.89879]
[-0.4494, 0.4494, 0.43837]
------------------------------------
T(33.0) =
[0.70337, 0.29663, 0.91355]
[0.29663, 0.70337, -0.91355]
[-0.45677, 0.45677, 0.40674]
------------------------------------
T(34.0) =
[0.6873, 0.3127, 0.92718]
[0.3127, 0.6873, -0.92718]
[-0.46359, 0.46359, 0.37461]
------------------------------------
T(35.0) =
[0.67101, 0.32899, 0.93969]
[0.32899, 0.67101, -0.93969]
[-0.46985, 0.46985, 0.34202]
------------------------------------
T(36.0) =
[0.65451, 0.34549, 0.95106]
[0.34549, 0.65451, -0.95106]
[-0.47553, 0.47553, 0.30902]
------------------------------------
T(37.0) =
[0.63782, 0.36218, 0.96126]
[0.36218, 0.63782, -0.96126]
[-0.48063, 0.48063, 0.27564]
------------------------------------
T(38.0) =
[0.62096, 0.37904, 0.9703]
[0.37904, 0.62096, -0.9703]
[-0.48515, 0.48515, 0.24192]
------------------------------------
T(39.0) =
[0.60396, 0.39604, 0.97815]
[0.39604, 0.60396, -0.97815]
[-0.48907, 0.48907, 0.20791]
------------------------------------
T(40.0) =
[0.58682, 0.41318, 0.98481]
[0.41318, 0.58682, -0.98481]
[-0.4924, 0.4924, 0.17365]
------------------------------------
T(41.0) =
[0.56959, 0.43041, 0.99027]
[0.43041, 0.56959, -0.99027]
[-0.49513, 0.49513, 0.13917]
------------------------------------
T(42.0) =
[0.55226, 0.44774, 0.99452]
[0.44774, 0.55226, -0.99452]
[-0.49726, 0.49726, 0.10453]
------------------------------------
T(43.0) =
[0.53488, 0.46512, 0.99756]
[0.46512, 0.53488, -0.99756]
[-0.49878, 0.49878, 0.06976]
------------------------------------
T(44.0) =
[0.51745, 0.48255, 0.99939]
[0.48255, 0.51745, -0.99939]
[-0.4997, 0.4997, 0.0349]
------------------------------------
T(45.0) =
[0.5, 0.5, 1.0]
[0.5, 0.5, -1.0]
[-0.5, 0.5, 0.0]
------------------------------------
T(46.0) =
[0.48255, 0.51745, 0.99939]
[0.51745, 0.48255, -0.99939]
[-0.4997, 0.4997, -0.0349]
------------------------------------
T(47.0) =
[0.46512, 0.53488, 0.99756]
[0.53488, 0.46512, -0.99756]
[-0.49878, 0.49878, -0.06976]
------------------------------------
T(48.0) =
[0.44774, 0.55226, 0.99452]
[0.55226, 0.44774, -0.99452]
[-0.49726, 0.49726, -0.10453]
------------------------------------
T(49.0) =
[0.43041, 0.56959, 0.99027]
[0.56959, 0.43041, -0.99027]
[-0.49513, 0.49513, -0.13917]
------------------------------------
T(50.0) =
[0.41318, 0.58682, 0.98481]
[0.58682, 0.41318, -0.98481]
[-0.4924, 0.4924, -0.17365]
------------------------------------
T(51.0) =
[0.39604, 0.60396, 0.97815]
[0.60396, 0.39604, -0.97815]
[-0.48907, 0.48907, -0.20791]
------------------------------------
T(52.0) =
[0.37904, 0.62096, 0.9703]
[0.62096, 0.37904, -0.9703]
[-0.48515, 0.48515, -0.24192]
------------------------------------
T(53.0) =
[0.36218, 0.63782, 0.96126]
[0.63782, 0.36218, -0.96126]
[-0.48063, 0.48063, -0.27564]
------------------------------------
T(54.0) =
[0.34549, 0.65451, 0.95106]
[0.65451, 0.34549, -0.95106]
[-0.47553, 0.47553, -0.30902]
------------------------------------
T(55.0) =
[0.32899, 0.67101, 0.93969]
[0.67101, 0.32899, -0.93969]
[-0.46985, 0.46985, -0.34202]
------------------------------------
T(56.0) =
[0.3127, 0.6873, 0.92718]
[0.6873, 0.3127, -0.92718]
[-0.46359, 0.46359, -0.37461]
------------------------------------
T(57.0) =
[0.29663, 0.70337, 0.91355]
[0.70337, 0.29663, -0.91355]
[-0.45677, 0.45677, -0.40674]
------------------------------------
T(58.00000000000001) =
[0.28081, 0.71919, 0.89879]
[0.71919, 0.28081, -0.89879]
[-0.4494, 0.4494, -0.43837]
------------------------------------
T(59.00000000000001) =
[0.26526, 0.73474, 0.88295]
[0.73474, 0.26526, -0.88295]
[-0.44147, 0.44147, -0.46947]
------------------------------------
T(59.99999999999999) =
[0.25, 0.75, 0.86603]
[0.75, 0.25, -0.86603]
[-0.43301, 0.43301, -0.5]
------------------------------------
T(60.99999999999999) =
[0.23504, 0.76496, 0.84805]
[0.76496, 0.23504, -0.84805]
[-0.42402, 0.42402, -0.52992]
------------------------------------
T(62.0) =
[0.2204, 0.7796, 0.82904]
[0.7796, 0.2204, -0.82904]
[-0.41452, 0.41452, -0.55919]
------------------------------------
T(63.0) =
[0.20611, 0.79389, 0.80902]
[0.79389, 0.20611, -0.80902]
[-0.40451, 0.40451, -0.58779]
------------------------------------
T(64.0) =
[0.19217, 0.80783, 0.78801]
[0.80783, 0.19217, -0.78801]
[-0.39401, 0.39401, -0.61566]
------------------------------------
T(65.0) =
[0.17861, 0.82139, 0.76604]
[0.82139, 0.17861, -0.76604]
[-0.38302, 0.38302, -0.64279]
------------------------------------
T(66.0) =
[0.16543, 0.83457, 0.74314]
[0.83457, 0.16543, -0.74314]
[-0.37157, 0.37157, -0.66913]
------------------------------------
T(67.0) =
[0.15267, 0.84733, 0.71934]
[0.84733, 0.15267, -0.71934]
[-0.35967, 0.35967, -0.69466]
------------------------------------
T(68.0) =
[0.14033, 0.85967, 0.69466]
[0.85967, 0.14033, -0.69466]
[-0.34733, 0.34733, -0.71934]
------------------------------------
T(69.0) =
[0.12843, 0.87157, 0.66913]
[0.87157, 0.12843, -0.66913]
[-0.33457, 0.33457, -0.74314]
------------------------------------
T(70.0) =
[0.11698, 0.88302, 0.64279]
[0.88302, 0.11698, -0.64279]
[-0.32139, 0.32139, -0.76604]
------------------------------------
T(71.0) =
[0.10599, 0.89401, 0.61566]
[0.89401, 0.10599, -0.61566]
[-0.30783, 0.30783, -0.78801]
------------------------------------
T(72.0) =
[0.09549, 0.90451, 0.58779]
[0.90451, 0.09549, -0.58779]
[-0.29389, 0.29389, -0.80902]
------------------------------------
T(73.0) =
[0.08548, 0.91452, 0.55919]
[0.91452, 0.08548, -0.55919]
[-0.2796, 0.2796, -0.82904]
------------------------------------
T(74.0) =
[0.07598, 0.92402, 0.52992]
[0.92402, 0.07598, -0.52992]
[-0.26496, 0.26496, -0.84805]
------------------------------------
T(75.0) =
[0.06699, 0.93301, 0.5]
[0.93301, 0.06699, -0.5]
[-0.25, 0.25, -0.86603]
------------------------------------
T(76.0) =
[0.05853, 0.94147, 0.46947]
[0.94147, 0.05853, -0.46947]
[-0.23474, 0.23474, -0.88295]
------------------------------------
T(77.0) =
[0.0506, 0.9494, 0.43837]
[0.9494, 0.0506, -0.43837]
[-0.21919, 0.21919, -0.89879]
------------------------------------
T(78.0) =
[0.04323, 0.95677, 0.40674]
[0.95677, 0.04323, -0.40674]
[-0.20337, 0.20337, -0.91355]
------------------------------------
T(79.0) =
[0.03641, 0.96359, 0.37461]
[0.96359, 0.03641, -0.37461]
[-0.1873, 0.1873, -0.92718]
------------------------------------
T(80.0) =
[0.03015, 0.96985, 0.34202]
[0.96985, 0.03015, -0.34202]
[-0.17101, 0.17101, -0.93969]
------------------------------------
T(81.0) =
[0.02447, 0.97553, 0.30902]
[0.97553, 0.02447, -0.30902]
[-0.15451, 0.15451, -0.95106]
------------------------------------
T(82.0) =
[0.01937, 0.98063, 0.27564]
[0.98063, 0.01937, -0.27564]
[-0.13782, 0.13782, -0.96126]
------------------------------------
T(83.0) =
[0.01485, 0.98515, 0.24192]
[0.98515, 0.01485, -0.24192]
[-0.12096, 0.12096, -0.9703]
------------------------------------
T(84.0) =
[0.01093, 0.98907, 0.20791]
[0.98907, 0.01093, -0.20791]
[-0.10396, 0.10396, -0.97815]
------------------------------------
T(85.0) =
[0.0076, 0.9924, 0.17365]
[0.9924, 0.0076, -0.17365]
[-0.08682, 0.08682, -0.98481]
------------------------------------
T(86.0) =
[0.00487, 0.99513, 0.13917]
[0.99513, 0.00487, -0.13917]
[-0.06959, 0.06959, -0.99027]
------------------------------------
T(87.0) =
[0.00274, 0.99726, 0.10453]
[0.99726, 0.00274, -0.10453]
[-0.05226, 0.05226, -0.99452]
------------------------------------
T(88.0) =
[0.00122, 0.99878, 0.06976]
[0.99878, 0.00122, -0.06976]
[-0.03488, 0.03488, -0.99756]
------------------------------------
T(89.0) =
[0.0003, 0.9997, 0.0349]
[0.9997, 0.0003, -0.0349]
[-0.01745, 0.01745, -0.99939]
------------------------------------
T(90.0) =
[0.0, 1.0, 0.0]
[1.0, 0.0, -0.0]
[-0.0, 0.0, -1.0]
------------------------------------