Ql(-90.0) =
[16657.34674226295, 4630.742394349101, 0.0]
[4630.742394349101, 46887.346385629055, 0.0]
[0.0, 0.0, 5830.0]
------------------------------------
Ql(-89.0) =
[16657.015923317016, 4640.419905589135, 6.228057373423866]
[4640.419905589135, 46868.32224179599, -533.7370168664945]
[6.228057373423809, -533.7370168664944, 5839.437652040882]
------------------------------------
Ql(-88.0) =
[16656.545162145107, 4668.310002333202, 11.473688295332408]
[4668.310002333201, 46813.012749778696, -1065.9039356558496]
[11.473688295332295, -1065.9039356558494, 5867.715078167011]
------------------------------------
Ql(-87.0) =
[16655.603652307727, 4715.248270427949, 14.670675525242473]
[4715.248270427949, 46720.077723426584, -1594.4974097874729]
[14.670675525242586, -1594.4974097874729, 5914.5846997268345]
------------------------------------
Ql(-86.0) =
[16654.595737184478, 4780.479215193533, 15.101150952977264]
[4780.479215193533, 46590.623749018676, -2118.818615834686]
[15.10115095297715, -2118.818615834685, 5979.932119880521]
------------------------------------
Ql(-85.0) =
[16653.670448840618, 4863.918496763948, 11.372975465692548]
[4863.9184967639485, 46424.670474221704, -2635.9587756025344]
[11.372975465692434, -2635.9587756025344, 6063.36538293673]
------------------------------------
Ql(-84.0) =
[16653.098820542666, 4965.198043573805, 3.0204078519705035]
[4965.198043573805, 46222.68300889993, -3145.742960476172]
[3.020407851970276, -3145.742960476172, 6164.619755827786]
------------------------------------
Ql(-83.0) =
[16653.24432259514, 5083.868532119622, -11.28671199749624]
[5083.868532119623, 45985.19652975583, -3645.3071401643856]
[-11.286711997496013, -3645.307140164384, 6282.982970002296]
------------------------------------
Ql(-82.0) =
[16654.771983048602, 5218.845946555763, -32.129475749201674]
[5218.8459465557635, 45713.71404043008, -4134.176632599424]
[-32.12947574920213, -4134.176632599425, 6418.138711326463]
------------------------------------
Ql(-81.0) =
[16657.899097308546, 5370.0399574752355, -60.44225834643544]
[5370.0399574752355, 45408.19890433118, -4610.355385250527]
[-60.44225834643521, -4610.355385250528, 6569.133199607467]
------------------------------------
Ql(-80.0) =
[16663.314556834397, 5536.4221905226295, -97.0086151961168]
[5536.4221905226295, 45070.01897871055, -5072.600951316187]
[-97.00861519611658, -5072.600951316189, 6735.522396551814]
------------------------------------
Ql(-79.0) =
[16671.76279577996, 5716.883637748432, -142.52426058414767]
[5716.883637748432, 44700.647845313375, -5519.601831417767]
[-142.52426058414676, -5519.601831417768, 6916.274111056619]
------------------------------------
Ql(-78.0) =
[16683.549284363184, 5911.257886933054, -197.61242968034412]
[5911.257886933054, 44300.11285836092, -5950.250808091159]
[-197.61242968034435, -5950.250808091161, 7110.549132015964]
------------------------------------
Ql(-77.0) =
[16699.43317922616, 6118.514316037618, -263.078711761877]
[6118.514316037618, 43869.71610528882, -6363.001052467938]
[-263.078711761877, -6363.001052467938, 7317.637308058012]
------------------------------------
Ql(-76.0) =
[16720.520425306917, 6336.7613024333505, -339.2379357417017]
[6336.761302433351, 43412.134886416585, -6756.961854141942]
[-339.2379357417017, -6756.961854141942, 7536.149992527111]
------------------------------------
Ql(-75.0) =
[16747.217857744316, 6565.8187359787225, -426.835438318004]
[6565.818735978721, 42927.32258688845, -7130.669611623461]
[-426.835438318004, -7130.669611623461, 7765.156728461912]
------------------------------------
Ql(-74.0) =
[16780.435107418773, 6804.3208150986975, -526.1201791379754]
[6804.3208150986975, 42417.101178974044, -7483.656197767887]
[-526.1201791379749, -7483.656197767888, 8003.730844812571]
------------------------------------
Ql(-73.0) =
[16820.857297016257, 7051.372016309787, -637.4950077814847]
[7051.372016309787, 41882.576586954376, -7814.7590831043135]
[-637.4950077814842, -7814.759083104314, 8250.549393816096]
------------------------------------
Ql(-72.0) =
[16869.682912579894, 7305.1248154765235, -761.2569461870494]
[7305.1248154765235, 41326.245373057245, -8122.997140802292]
[-761.2569461870492, -8122.997140802294, 8504.248342994917]
------------------------------------
Ql(-71.0) =
[16927.436936852086, 7564.9390535578705, -897.4792154023289]
[7564.9390535578705, 40748.86287262237, -8408.176229815592]
[-897.4792154023294, -8408.176229815592, 8764.041178114068]
------------------------------------
Ql(-70.0) =
[16995.357788148638, 7828.919112045773, -1046.2926206059133]
[7828.919112045771, 40152.98190435003, -8669.425816874354]
[-1046.2926206059135, -8669.425816874353, 9028.324097850886]
------------------------------------
Ql(-69.0) =
[17073.86112874958, 8096.65235166015, -1207.751121662904]
[8096.65235166015, 39539.012084520335, -8906.31285791794]
[-1207.7511216629043, -8906.312857917941, 9295.98669532243]
------------------------------------
Ql(-68.0) =
[17164.191246161005, 8366.10155200428, -1381.8458372380355]
[8366.10155200428, 38909.783566420636, -9117.91303419263]
[-1381.845837238035, -9117.91303419263, 9565.309398879437]
------------------------------------
Ql(-67.0) =
[17267.095006596322, 8636.235080268114, -1568.3644815876096]
[8636.235080268116, 38266.61274945765, -9304.431678542203]
[-1568.3644815876105, -9304.431678542202, 9835.44292714327]
------------------------------------
Ql(-66.0) =
[17383.436730680878, 8905.739398031601, -1767.1510461220291]
[8905.739398031601, 37611.26238984614, -9465.424431763346]
[-1767.1510461220287, -9465.424431763344, 10104.970148728677]
------------------------------------
Ql(-65.0) =
[17514.17345345538, 9173.045917361242, -1977.6908115024576]
[9173.045917361242, 36945.91262841235, -9601.12124659824]
[-1977.6908115024576, -9601.121246598243, 10372.550417609382]
------------------------------------
Ql(-64.0) =
[17659.83832994244, 9437.595183134737, -2199.9641093389596]
[9437.595183134737, 36271.149220378284, -9710.900008544406]
[-2199.9641093389587, -9710.900008544404, 10636.81930445954]
------------------------------------
Ql(-63.0) =
[17821.54711870558, 9697.13660260196, -2433.1135621599406]
[9697.136602601962, 35590.357592680695, -9795.167668078744]
[-2433.1135621599406, -9795.167668078742, 10896.351128252516]
------------------------------------
Ql(-62.0) =
[17999.83915854887, 9951.146858858652, -2676.9586242083574]
[9951.14685885865, 34904.04504032403, -9853.901020760699]
[-2676.958624208357, -9853.901020760703, 11150.237664559669]
------------------------------------
Ql(-61.0) =
[18195.597829543178, 10197.71475184607, -2930.425742763603]
[10197.714751846066, 34215.150583354894, -9887.756143015813]
[-2930.425742763604, -9887.756143015817, 11396.993490000395]
------------------------------------
Ql(-60.0) =
[18409.297136254125, 10436.286772099515, -3193.130524711166]
[10436.286772099513, 33524.30723613705, -9896.770689862684]
[-3193.1305247111663, -9896.770689862686, 11635.490689928472]
------------------------------------
Ql(-59.0) =
[18641.621360095105, 10665.418958314567, -3464.2284617615524]
[10665.418958314567, 32833.71863986596, -9881.427618795067]
[-3464.228461761552, -9881.427618795065, 11864.598271810024]
------------------------------------
Ql(-58.0) =
[18893.029392611686, 10884.130951451822, -3742.774460880138]
[10884.130951451818, 32144.886621074882, -9842.518152149403]
[-3742.7744608801377, -9842.518152149405, 12083.325223513026]
------------------------------------
Ql(-57.0) =
[19164.336892537296, 11090.888827986306, -4027.8250399665735]
[11090.888827986306, 31460.0633680803, -9780.305597034074]
[-4027.8250399665726, -9780.305597034074, 12290.038641918953]
------------------------------------
Ql(-56.0) =
[19455.64302285716, 11285.168693437816, -4318.502595108737]
[11285.168693437816, 30780.19750685742, -9695.939929657976]
[-4318.502595108736, -9695.939929657976, 12484.617162092329]
------------------------------------
Ql(-55.0) =
[19767.347741229292, 11466.131650553509, -4613.889158075834]
[11466.131650553509, 30106.5668742539, -9589.61420286046]
[-4613.8891580758345, -9589.614202860463, 12665.377335809419]
------------------------------------
Ql(-54.0) =
[20099.880035158054, 11632.411279540083, -4912.618388303614]
[11632.411279540083, 29441.475322351984, -9462.531515207704]
[-4912.618388303614, -9462.531515207707, 12831.50452167232]
------------------------------------
Ql(-53.0) =
[20453.377082125386, 11783.405767821092, -5213.711935920258]
[11783.405767821092, 28785.989298822642, -9315.75909277048]
[-5213.711935920261, -9315.75909277048, 12982.698532591789]
------------------------------------
Ql(-52.0) =
[20827.93359698797, 11918.56150914526, -5515.977837706726]
[11918.561509145256, 28141.121301311734, -9149.998265873617]
[-5515.977837706727, -9149.998265873617, 13117.67594702793]
------------------------------------
Ql(-51.0) =
[21223.650452801598, 12036.867102867523, -5818.168893935693]
[12036.86710286752, 27508.793258053567, -8966.47205024472]
[-5818.168893935692, -8966.47205024472, 13236.105193320469]
------------------------------------
Ql(-50.0) =
[21640.334871309937, 12138.017136850114, -6118.85118324033]
[12138.01713685011, 26889.808771580054, -8766.497679451993]
[-6118.851183240329, -8766.497679451995, 13337.33844162741]
------------------------------------
Ql(-49.0) =
[22077.987975145574, 12221.534668266035, -6417.19066620246]
[12221.534668266035, 26285.120604912554, -8550.672189716417]
[-6417.190666202463, -8550.672189716417, 13420.812716549484]
------------------------------------
Ql(-48.0) =
[22536.179664500545, 12286.931409534109, -6711.341529400607]
[12286.931409534109, 25696.135433021445, -8320.89550615883]
[-6711.3415294006045, -8320.895506158826, 13486.284021049802]
------------------------------------
Ql(-47.0) =
[23014.829309954046, 12333.829400980543, -7000.428084932806]
[12333.82940098054, 25123.68980467508, -8077.805708883987]
[-7000.428084932806, -8077.805708883987, 13533.23447681435]
------------------------------------
Ql(-46.0) =
[23513.356643430587, 12362.223355587725, -7282.91278904633]
[12362.223355587728, 24568.37456198417, -7822.891369045206]
[-7282.912789046331, -7822.891369045206, 13561.395578853122]
------------------------------------
Ql(-45.0) =
[24031.544479147553, 12371.544479147553, -7557.499910841526]
[12371.544479147553, 24031.544479147553, -7557.499910841526]
[-7557.499910841526, -7557.499910841526, 13570.802084798452]
------------------------------------
Ql(-44.0) =
[24568.37456198417, 12362.223355587728, -7822.891369045206]
[12362.223355587725, 23513.356643430587, -7282.91278904633]
[-7822.891369045206, -7282.912789046331, 13561.395578853122]
------------------------------------
Ql(-43.0) =
[25123.68980467508, 12333.82940098054, -8077.805708883987]
[12333.829400980543, 23014.829309954046, -7000.428084932806]
[-8077.805708883987, -7000.428084932806, 13533.23447681435]
------------------------------------
Ql(-42.0) =
[25696.135433021445, 12286.931409534109, -8320.89550615883]
[12286.931409534109, 22536.179664500545, -6711.341529400607]
[-8320.895506158826, -6711.3415294006045, 13486.284021049802]
------------------------------------
Ql(-41.0) =
[26285.120604912554, 12221.534668266035, -8550.672189716417]
[12221.534668266035, 22077.987975145574, -6417.19066620246]
[-8550.672189716417, -6417.190666202463, 13420.812716549484]
------------------------------------
Ql(-40.0) =
[26889.808771580054, 12138.01713685011, -8766.497679451993]
[12138.017136850114, 21640.334871309937, -6118.85118324033]
[-8766.497679451995, -6118.851183240329, 13337.33844162741]
------------------------------------
Ql(-39.0) =
[27508.793258053567, 12036.86710286752, -8966.47205024472]
[12036.867102867523, 21223.650452801598, -5818.168893935693]
[-8966.47205024472, -5818.168893935692, 13236.105193320469]
------------------------------------
Ql(-38.0) =
[28141.121301311734, 11918.561509145256, -9149.998265873617]
[11918.56150914526, 20827.93359698797, -5515.977837706726]
[-9149.998265873617, -5515.977837706727, 13117.67594702793]
------------------------------------
Ql(-37.0) =
[28785.989298822642, 11783.405767821092, -9315.75909277048]
[11783.405767821092, 20453.377082125386, -5213.711935920258]
[-9315.75909277048, -5213.711935920261, 12982.698532591789]
------------------------------------
Ql(-36.0) =
[29441.475322351984, 11632.411279540083, -9462.531515207704]
[11632.411279540083, 20099.880035158054, -4912.618388303614]
[-9462.531515207707, -4912.618388303614, 12831.50452167232]
------------------------------------
Ql(-35.0) =
[30106.5668742539, 11466.131650553509, -9589.61420286046]
[11466.131650553509, 19767.347741229292, -4613.889158075834]
[-9589.614202860463, -4613.8891580758345, 12665.377335809419]
------------------------------------
Ql(-34.0) =
[30780.19750685742, 11285.168693437816, -9695.939929657976]
[11285.168693437816, 19455.64302285716, -4318.502595108737]
[-9695.939929657976, -4318.502595108736, 12484.617162092329]
------------------------------------
Ql(-33.0) =
[31460.0633680803, 11090.888827986306, -9780.305597034074]
[11090.888827986306, 19164.336892537296, -4027.8250399665735]
[-9780.305597034074, -4027.8250399665726, 12290.038641918953]
------------------------------------
Ql(-32.0) =
[32144.886621074882, 10884.130951451818, -9842.518152149403]
[10884.130951451822, 18893.029392611686, -3742.774460880138]
[-9842.518152149405, -3742.7744608801377, 12083.325223513026]
------------------------------------
Ql(-31.0) =
[32833.71863986596, 10665.418958314567, -9881.427618795067]
[10665.418958314567, 18641.621360095105, -3464.2284617615524]
[-9881.427618795065, -3464.228461761552, 11864.598271810024]
------------------------------------
Ql(-30.0) =
[33524.30723613705, 10436.286772099513, -9896.770689862684]
[10436.286772099515, 18409.297136254125, -3193.130524711166]
[-9896.770689862686, -3193.1305247111663, 11635.490689928472]
------------------------------------
Ql(-29.0) =
[34215.150583354894, 10197.714751846066, -9887.756143015813]
[10197.71475184607, 18195.597829543178, -2930.425742763603]
[-9887.756143015817, -2930.425742763604, 11396.993490000395]
------------------------------------
Ql(-28.0) =
[34904.04504032403, 9951.14685885865, -9853.901020760699]
[9951.146858858652, 17999.83915854887, -2676.9586242083574]
[-9853.901020760703, -2676.958624208357, 11150.237664559669]
------------------------------------
Ql(-27.0) =
[35590.357592680695, 9697.136602601962, -9795.167668078744]
[9697.13660260196, 17821.54711870558, -2433.1135621599406]
[-9795.167668078742, -2433.1135621599406, 10896.351128252516]
------------------------------------
Ql(-26.0) =
[36271.149220378284, 9437.595183134737, -9710.900008544406]
[9437.595183134737, 17659.83832994244, -2199.9641093389596]
[-9710.900008544404, -2199.9641093389587, 10636.81930445954]
------------------------------------
Ql(-25.0) =
[36945.91262841235, 9173.045917361242, -9601.12124659824]
[9173.045917361242, 17514.17345345538, -1977.6908115024576]
[-9601.121246598243, -1977.6908115024576, 10372.550417609382]
------------------------------------
Ql(-24.0) =
[37611.26238984614, 8905.739398031601, -9465.424431763346]
[8905.739398031601, 17383.436730680878, -1767.1510461220291]
[-9465.424431763344, -1767.1510461220287, 10104.970148728677]
------------------------------------
Ql(-23.0) =
[38266.61274945765, 8636.235080268116, -9304.431678542203]
[8636.235080268114, 17267.095006596322, -1568.3644815876096]
[-9304.431678542202, -1568.3644815876105, 9835.44292714327]
------------------------------------
Ql(-22.0) =
[38909.783566420636, 8366.10155200428, -9117.91303419263]
[8366.10155200428, 17164.191246161005, -1381.8458372380355]
[-9117.91303419263, -1381.845837238035, 9565.309398879437]
------------------------------------
Ql(-21.0) =
[39539.012084520335, 8096.65235166015, -8906.31285791794]
[8096.65235166015, 17073.86112874958, -1207.751121662904]
[-8906.312857917941, -1207.7511216629043, 9295.98669532243]
------------------------------------
Ql(-20.0) =
[40152.98190435003, 7828.919112045771, -8669.425816874354]
[7828.919112045773, 16995.357788148638, -1046.2926206059133]
[-8669.425816874353, -1046.2926206059135, 9028.324097850886]
------------------------------------
Ql(-19.0) =
[40748.86287262237, 7564.9390535578705, -8408.176229815592]
[7564.9390535578705, 16927.436936852086, -897.4792154023289]
[-8408.176229815592, -897.4792154023294, 8764.041178114068]
------------------------------------
Ql(-18.0) =
[41326.245373057245, 7305.1248154765235, -8122.997140802292]
[7305.1248154765235, 16869.682912579894, -761.2569461870494]
[-8122.997140802294, -761.2569461870492, 8504.248342994917]
------------------------------------
Ql(-17.0) =
[41882.576586954376, 7051.372016309787, -7814.7590831043135]
[7051.372016309787, 16820.857297016257, -637.4950077814847]
[-7814.759083104314, -637.4950077814842, 8250.549393816096]
------------------------------------
Ql(-16.0) =
[42417.101178974044, 6804.3208150986975, -7483.656197767887]
[6804.3208150986975, 16780.435107418773, -526.1201791379754]
[-7483.656197767888, -526.1201791379749, 8003.730844812571]
------------------------------------
Ql(-15.0) =
[42927.32258688845, 6565.818735978721, -7130.669611623461]
[6565.8187359787225, 16747.217857744316, -426.835438318004]
[-7130.669611623461, -426.835438318004, 7765.156728461912]
------------------------------------
Ql(-14.0) =
[43412.134886416585, 6336.761302433351, -6756.961854141942]
[6336.7613024333505, 16720.520425306917, -339.2379357417017]
[-6756.961854141942, -339.2379357417017, 7536.149992527111]
------------------------------------
Ql(-13.0) =
[43869.71610528882, 6118.514316037618, -6363.001052467938]
[6118.514316037618, 16699.43317922616, -263.078711761877]
[-6363.001052467938, -263.078711761877, 7317.637308058012]
------------------------------------
Ql(-12.0) =
[44300.11285836092, 5911.257886933054, -5950.250808091159]
[5911.257886933054, 16683.549284363184, -197.61242968034412]
[-5950.250808091161, -197.61242968034435, 7110.549132015964]
------------------------------------
Ql(-11.0) =
[44700.647845313375, 5716.883637748432, -5519.601831417767]
[5716.883637748432, 16671.76279577996, -142.52426058414767]
[-5519.601831417768, -142.52426058414676, 6916.274111056619]
------------------------------------
Ql(-10.0) =
[45070.01897871055, 5536.4221905226295, -5072.600951316187]
[5536.4221905226295, 16663.314556834397, -97.0086151961168]
[-5072.600951316189, -97.00861519611658, 6735.522396551814]
------------------------------------
Ql(-9.0) =
[45408.19890433118, 5370.0399574752355, -4610.355385250527]
[5370.0399574752355, 16657.899097308546, -60.44225834643544]
[-4610.355385250528, -60.44225834643521, 6569.133199607467]
------------------------------------
Ql(-8.0) =
[45713.71404043008, 5218.8459465557635, -4134.176632599424]
[5218.845946555763, 16654.771983048602, -32.129475749201674]
[-4134.176632599425, -32.12947574920213, 6418.138711326463]
------------------------------------
Ql(-7.0) =
[45985.19652975583, 5083.868532119623, -3645.3071401643856]
[5083.868532119622, 16653.24432259514, -11.28671199749624]
[-3645.307140164384, -11.286711997496013, 6282.982970002296]
------------------------------------
Ql(-6.0) =
[46222.68300889993, 4965.198043573805, -3145.742960476172]
[4965.198043573805, 16653.098820542666, 3.0204078519705035]
[-3145.742960476172, 3.020407851970276, 6164.619755827786]
------------------------------------
Ql(-5.0) =
[46424.670474221704, 4863.9184967639485, -2635.9587756025344]
[4863.918496763948, 16653.670448840618, 11.372975465692548]
[-2635.9587756025344, 11.372975465692434, 6063.36538293673]
------------------------------------
Ql(-4.0) =
[46590.623749018676, 4780.479215193533, -2118.818615834686]
[4780.479215193533, 16654.595737184478, 15.101150952977264]
[-2118.818615834685, 15.10115095297715, 5979.932119880521]
------------------------------------
Ql(-3.0) =
[46720.077723426584, 4715.248270427949, -1594.4974097874729]
[4715.248270427949, 16655.603652307727, 14.670675525242473]
[-1594.4974097874729, 14.670675525242586, 5914.5846997268345]
------------------------------------
Ql(-2.0) =
[46813.012749778696, 4668.310002333201, -1065.9039356558496]
[4668.310002333202, 16656.545162145107, 11.473688295332408]
[-1065.9039356558494, 11.473688295332295, 5867.715078167011]
------------------------------------
Ql(-1.0) =
[46868.32224179599, 4640.419905589135, -533.7370168664945]
[4640.419905589135, 16657.015923317016, 6.228057373423866]
[-533.7370168664944, 6.228057373423809, 5839.437652040882]
------------------------------------
Ql(0.0) =
[46887.346385629055, 4630.742394349101, 0.0]
[4630.742394349101, 16657.34674226295, 0.0]
[0.0, 0.0, 5830.0]
------------------------------------
Ql(1.0) =
[46868.32224179599, 4640.419905589135, 533.7370168664945]
[4640.419905589135, 16657.015923317016, -6.228057373423866]
[533.7370168664944, -6.228057373423809, 5839.437652040882]
------------------------------------
Ql(2.0) =
[46813.012749778696, 4668.310002333201, 1065.9039356558496]
[4668.310002333202, 16656.545162145107, -11.473688295332408]
[1065.9039356558494, -11.473688295332295, 5867.715078167011]
------------------------------------
Ql(3.0) =
[46720.077723426584, 4715.248270427949, 1594.4974097874729]
[4715.248270427949, 16655.603652307727, -14.670675525242473]
[1594.4974097874729, -14.670675525242586, 5914.5846997268345]
------------------------------------
Ql(4.0) =
[46590.623749018676, 4780.479215193533, 2118.818615834686]
[4780.479215193533, 16654.595737184478, -15.101150952977264]
[2118.818615834685, -15.10115095297715, 5979.932119880521]
------------------------------------
Ql(5.0) =
[46424.670474221704, 4863.9184967639485, 2635.9587756025344]
[4863.918496763948, 16653.670448840618, -11.372975465692548]
[2635.9587756025344, -11.372975465692434, 6063.36538293673]
------------------------------------
Ql(6.0) =
[46222.68300889993, 4965.198043573805, 3145.742960476172]
[4965.198043573805, 16653.098820542666, -3.0204078519705035]
[3145.742960476172, -3.020407851970276, 6164.619755827786]
------------------------------------
Ql(7.0) =
[45985.19652975583, 5083.868532119623, 3645.3071401643856]
[5083.868532119622, 16653.24432259514, 11.28671199749624]
[3645.307140164384, 11.286711997496013, 6282.982970002296]
------------------------------------
Ql(8.0) =
[45713.71404043008, 5218.8459465557635, 4134.176632599424]
[5218.845946555763, 16654.771983048602, 32.129475749201674]
[4134.176632599425, 32.12947574920213, 6418.138711326463]
------------------------------------
Ql(9.0) =
[45408.19890433118, 5370.0399574752355, 4610.355385250527]
[5370.0399574752355, 16657.899097308546, 60.44225834643544]
[4610.355385250528, 60.44225834643521, 6569.133199607467]
------------------------------------
Ql(10.0) =
[45070.01897871055, 5536.4221905226295, 5072.600951316187]
[5536.4221905226295, 16663.314556834397, 97.0086151961168]
[5072.600951316189, 97.00861519611658, 6735.522396551814]
------------------------------------
Ql(11.0) =
[44700.647845313375, 5716.883637748432, 5519.601831417767]
[5716.883637748432, 16671.76279577996, 142.52426058414767]
[5519.601831417768, 142.52426058414676, 6916.274111056619]
------------------------------------
Ql(12.0) =
[44300.11285836092, 5911.257886933054, 5950.250808091159]
[5911.257886933054, 16683.549284363184, 197.61242968034412]
[5950.250808091161, 197.61242968034435, 7110.549132015964]
------------------------------------
Ql(13.0) =
[43869.71610528882, 6118.514316037618, 6363.001052467938]
[6118.514316037618, 16699.43317922616, 263.078711761877]
[6363.001052467938, 263.078711761877, 7317.637308058012]
------------------------------------
Ql(14.0) =
[43412.134886416585, 6336.761302433351, 6756.961854141942]
[6336.7613024333505, 16720.520425306917, 339.2379357417017]
[6756.961854141942, 339.2379357417017, 7536.149992527111]
------------------------------------
Ql(15.0) =
[42927.32258688845, 6565.818735978721, 7130.669611623461]
[6565.8187359787225, 16747.217857744316, 426.835438318004]
[7130.669611623461, 426.835438318004, 7765.156728461912]
------------------------------------
Ql(16.0) =
[42417.101178974044, 6804.3208150986975, 7483.656197767887]
[6804.3208150986975, 16780.435107418773, 526.1201791379754]
[7483.656197767888, 526.1201791379749, 8003.730844812571]
------------------------------------
Ql(17.0) =
[41882.576586954376, 7051.372016309787, 7814.7590831043135]
[7051.372016309787, 16820.857297016257, 637.4950077814847]
[7814.759083104314, 637.4950077814842, 8250.549393816096]
------------------------------------
Ql(18.0) =
[41326.245373057245, 7305.1248154765235, 8122.997140802292]
[7305.1248154765235, 16869.682912579894, 761.2569461870494]
[8122.997140802294, 761.2569461870492, 8504.248342994917]
------------------------------------
Ql(19.0) =
[40748.86287262237, 7564.9390535578705, 8408.176229815592]
[7564.9390535578705, 16927.436936852086, 897.4792154023289]
[8408.176229815592, 897.4792154023294, 8764.041178114068]
------------------------------------
Ql(20.0) =
[40152.98190435003, 7828.919112045771, 8669.425816874354]
[7828.919112045773, 16995.357788148638, 1046.2926206059133]
[8669.425816874353, 1046.2926206059135, 9028.324097850886]
------------------------------------
Ql(21.0) =
[39539.012084520335, 8096.65235166015, 8906.31285791794]
[8096.65235166015, 17073.86112874958, 1207.751121662904]
[8906.312857917941, 1207.7511216629043, 9295.98669532243]
------------------------------------
Ql(22.0) =
[38909.783566420636, 8366.10155200428, 9117.91303419263]
[8366.10155200428, 17164.191246161005, 1381.8458372380355]
[9117.91303419263, 1381.845837238035, 9565.309398879437]
------------------------------------
Ql(23.0) =
[38266.61274945765, 8636.235080268116, 9304.431678542203]
[8636.235080268114, 17267.095006596322, 1568.3644815876096]
[9304.431678542202, 1568.3644815876105, 9835.44292714327]
------------------------------------
Ql(24.0) =
[37611.26238984614, 8905.739398031601, 9465.424431763346]
[8905.739398031601, 17383.436730680878, 1767.1510461220291]
[9465.424431763344, 1767.1510461220287, 10104.970148728677]
------------------------------------
Ql(25.0) =
[36945.91262841235, 9173.045917361242, 9601.12124659824]
[9173.045917361242, 17514.17345345538, 1977.6908115024576]
[9601.121246598243, 1977.6908115024576, 10372.550417609382]
------------------------------------
Ql(26.0) =
[36271.149220378284, 9437.595183134737, 9710.900008544406]
[9437.595183134737, 17659.83832994244, 2199.9641093389596]
[9710.900008544404, 2199.9641093389587, 10636.81930445954]
------------------------------------
Ql(27.0) =
[35590.357592680695, 9697.136602601962, 9795.167668078744]
[9697.13660260196, 17821.54711870558, 2433.1135621599406]
[9795.167668078742, 2433.1135621599406, 10896.351128252516]
------------------------------------
Ql(28.0) =
[34904.04504032403, 9951.14685885865, 9853.901020760699]
[9951.146858858652, 17999.83915854887, 2676.9586242083574]
[9853.901020760703, 2676.958624208357, 11150.237664559669]
------------------------------------
Ql(29.0) =
[34215.150583354894, 10197.714751846066, 9887.756143015813]
[10197.71475184607, 18195.597829543178, 2930.425742763603]
[9887.756143015817, 2930.425742763604, 11396.993490000395]
------------------------------------
Ql(30.0) =
[33524.30723613705, 10436.286772099513, 9896.770689862684]
[10436.286772099515, 18409.297136254125, 3193.130524711166]
[9896.770689862686, 3193.1305247111663, 11635.490689928472]
------------------------------------
Ql(31.0) =
[32833.71863986596, 10665.418958314567, 9881.427618795067]
[10665.418958314567, 18641.621360095105, 3464.2284617615524]
[9881.427618795065, 3464.228461761552, 11864.598271810024]
------------------------------------
Ql(32.0) =
[32144.886621074882, 10884.130951451818, 9842.518152149403]
[10884.130951451822, 18893.029392611686, 3742.774460880138]
[9842.518152149405, 3742.7744608801377, 12083.325223513026]
------------------------------------
Ql(33.0) =
[31460.0633680803, 11090.888827986306, 9780.305597034074]
[11090.888827986306, 19164.336892537296, 4027.8250399665735]
[9780.305597034074, 4027.8250399665726, 12290.038641918953]
------------------------------------
Ql(34.0) =
[30780.19750685742, 11285.168693437816, 9695.939929657976]
[11285.168693437816, 19455.64302285716, 4318.502595108737]
[9695.939929657976, 4318.502595108736, 12484.617162092329]
------------------------------------
Ql(35.0) =
[30106.5668742539, 11466.131650553509, 9589.61420286046]
[11466.131650553509, 19767.347741229292, 4613.889158075834]
[9589.614202860463, 4613.8891580758345, 12665.377335809419]
------------------------------------
Ql(36.0) =
[29441.475322351984, 11632.411279540083, 9462.531515207704]
[11632.411279540083, 20099.880035158054, 4912.618388303614]
[9462.531515207707, 4912.618388303614, 12831.50452167232]
------------------------------------
Ql(37.0) =
[28785.989298822642, 11783.405767821092, 9315.75909277048]
[11783.405767821092, 20453.377082125386, 5213.711935920258]
[9315.75909277048, 5213.711935920261, 12982.698532591789]
------------------------------------
Ql(38.0) =
[28141.121301311734, 11918.561509145256, 9149.998265873617]
[11918.56150914526, 20827.93359698797, 5515.977837706726]
[9149.998265873617, 5515.977837706727, 13117.67594702793]
------------------------------------
Ql(39.0) =
[27508.793258053567, 12036.86710286752, 8966.47205024472]
[12036.867102867523, 21223.650452801598, 5818.168893935693]
[8966.47205024472, 5818.168893935692, 13236.105193320469]
------------------------------------
Ql(40.0) =
[26889.808771580054, 12138.01713685011, 8766.497679451993]
[12138.017136850114, 21640.334871309937, 6118.85118324033]
[8766.497679451995, 6118.851183240329, 13337.33844162741]
------------------------------------
Ql(41.0) =
[26285.120604912554, 12221.534668266035, 8550.672189716417]
[12221.534668266035, 22077.987975145574, 6417.19066620246]
[8550.672189716417, 6417.190666202463, 13420.812716549484]
------------------------------------
Ql(42.0) =
[25696.135433021445, 12286.931409534109, 8320.89550615883]
[12286.931409534109, 22536.179664500545, 6711.341529400607]
[8320.895506158826, 6711.3415294006045, 13486.284021049802]
------------------------------------
Ql(43.0) =
[25123.68980467508, 12333.82940098054, 8077.805708883987]
[12333.829400980543, 23014.829309954046, 7000.428084932806]
[8077.805708883987, 7000.428084932806, 13533.23447681435]
------------------------------------
Ql(44.0) =
[24568.37456198417, 12362.223355587728, 7822.891369045206]
[12362.223355587725, 23513.356643430587, 7282.91278904633]
[7822.891369045206, 7282.912789046331, 13561.395578853122]
------------------------------------
Ql(45.0) =
[24031.544479147553, 12371.544479147553, 7557.499910841526]
[12371.544479147553, 24031.544479147553, 7557.499910841526]
[7557.499910841526, 7557.499910841526, 13570.802084798452]
------------------------------------
Ql(46.0) =
[23513.356643430587, 12362.223355587725, 7282.91278904633]
[12362.223355587728, 24568.37456198417, 7822.891369045206]
[7282.912789046331, 7822.891369045206, 13561.395578853122]
------------------------------------
Ql(47.0) =
[23014.829309954046, 12333.829400980543, 7000.428084932806]
[12333.82940098054, 25123.68980467508, 8077.805708883987]
[7000.428084932806, 8077.805708883987, 13533.23447681435]
------------------------------------
Ql(48.0) =
[22536.179664500545, 12286.931409534109, 6711.341529400607]
[12286.931409534109, 25696.135433021445, 8320.89550615883]
[6711.3415294006045, 8320.895506158826, 13486.284021049802]
------------------------------------
Ql(49.0) =
[22077.987975145574, 12221.534668266035, 6417.19066620246]
[12221.534668266035, 26285.120604912554, 8550.672189716417]
[6417.190666202463, 8550.672189716417, 13420.812716549484]
------------------------------------
Ql(50.0) =
[21640.334871309937, 12138.017136850114, 6118.85118324033]
[12138.01713685011, 26889.808771580054, 8766.497679451993]
[6118.851183240329, 8766.497679451995, 13337.33844162741]
------------------------------------
Ql(51.0) =
[21223.650452801598, 12036.867102867523, 5818.168893935693]
[12036.86710286752, 27508.793258053567, 8966.47205024472]
[5818.168893935692, 8966.47205024472, 13236.105193320469]
------------------------------------
Ql(52.0) =
[20827.93359698797, 11918.56150914526, 5515.977837706726]
[11918.561509145256, 28141.121301311734, 9149.998265873617]
[5515.977837706727, 9149.998265873617, 13117.67594702793]
------------------------------------
Ql(53.0) =
[20453.377082125386, 11783.405767821092, 5213.711935920258]
[11783.405767821092, 28785.989298822642, 9315.75909277048]
[5213.711935920261, 9315.75909277048, 12982.698532591789]
------------------------------------
Ql(54.0) =
[20099.880035158054, 11632.411279540083, 4912.618388303614]
[11632.411279540083, 29441.475322351984, 9462.531515207704]
[4912.618388303614, 9462.531515207707, 12831.50452167232]
------------------------------------
Ql(55.0) =
[19767.347741229292, 11466.131650553509, 4613.889158075834]
[11466.131650553509, 30106.5668742539, 9589.61420286046]
[4613.8891580758345, 9589.614202860463, 12665.377335809419]
------------------------------------
Ql(56.0) =
[19455.64302285716, 11285.168693437816, 4318.502595108737]
[11285.168693437816, 30780.19750685742, 9695.939929657976]
[4318.502595108736, 9695.939929657976, 12484.617162092329]
------------------------------------
Ql(57.0) =
[19164.336892537296, 11090.888827986306, 4027.8250399665735]
[11090.888827986306, 31460.0633680803, 9780.305597034074]
[4027.8250399665726, 9780.305597034074, 12290.038641918953]
------------------------------------
Ql(58.0) =
[18893.029392611686, 10884.130951451822, 3742.774460880138]
[10884.130951451818, 32144.886621074882, 9842.518152149403]
[3742.7744608801377, 9842.518152149405, 12083.325223513026]
------------------------------------
Ql(59.0) =
[18641.621360095105, 10665.418958314567, 3464.2284617615524]
[10665.418958314567, 32833.71863986596, 9881.427618795067]
[3464.228461761552, 9881.427618795065, 11864.598271810024]
------------------------------------
Ql(60.0) =
[18409.297136254125, 10436.286772099515, 3193.130524711166]
[10436.286772099513, 33524.30723613705, 9896.770689862684]
[3193.1305247111663, 9896.770689862686, 11635.490689928472]
------------------------------------
Ql(61.0) =
[18195.597829543178, 10197.71475184607, 2930.425742763603]
[10197.714751846066, 34215.150583354894, 9887.756143015813]
[2930.425742763604, 9887.756143015817, 11396.993490000395]
------------------------------------
Ql(62.0) =
[17999.83915854887, 9951.146858858652, 2676.9586242083574]
[9951.14685885865, 34904.04504032403, 9853.901020760699]
[2676.958624208357, 9853.901020760703, 11150.237664559669]
------------------------------------
Ql(63.0) =
[17821.54711870558, 9697.13660260196, 2433.1135621599406]
[9697.136602601962, 35590.357592680695, 9795.167668078744]
[2433.1135621599406, 9795.167668078742, 10896.351128252516]
------------------------------------
Ql(64.0) =
[17659.83832994244, 9437.595183134737, 2199.9641093389596]
[9437.595183134737, 36271.149220378284, 9710.900008544406]
[2199.9641093389587, 9710.900008544404, 10636.81930445954]
------------------------------------
Ql(65.0) =
[17514.17345345538, 9173.045917361242, 1977.6908115024576]
[9173.045917361242, 36945.91262841235, 9601.12124659824]
[1977.6908115024576, 9601.121246598243, 10372.550417609382]
------------------------------------
Ql(66.0) =
[17383.436730680878, 8905.739398031601, 1767.1510461220291]
[8905.739398031601, 37611.26238984614, 9465.424431763346]
[1767.1510461220287, 9465.424431763344, 10104.970148728677]
------------------------------------
Ql(67.0) =
[17267.095006596322, 8636.235080268114, 1568.3644815876096]
[8636.235080268116, 38266.61274945765, 9304.431678542203]
[1568.3644815876105, 9304.431678542202, 9835.44292714327]
------------------------------------
Ql(68.0) =
[17164.191246161005, 8366.10155200428, 1381.8458372380355]
[8366.10155200428, 38909.783566420636, 9117.91303419263]
[1381.845837238035, 9117.91303419263, 9565.309398879437]
------------------------------------
Ql(69.0) =
[17073.86112874958, 8096.65235166015, 1207.751121662904]
[8096.65235166015, 39539.012084520335, 8906.31285791794]
[1207.7511216629043, 8906.312857917941, 9295.98669532243]
------------------------------------
Ql(70.0) =
[16995.357788148638, 7828.919112045773, 1046.2926206059133]
[7828.919112045771, 40152.98190435003, 8669.425816874354]
[1046.2926206059135, 8669.425816874353, 9028.324097850886]
------------------------------------
Ql(71.0) =
[16927.436936852086, 7564.9390535578705, 897.4792154023289]
[7564.9390535578705, 40748.86287262237, 8408.176229815592]
[897.4792154023294, 8408.176229815592, 8764.041178114068]
------------------------------------
Ql(72.0) =
[16869.682912579894, 7305.1248154765235, 761.2569461870494]
[7305.1248154765235, 41326.245373057245, 8122.997140802292]
[761.2569461870492, 8122.997140802294, 8504.248342994917]
------------------------------------
Ql(73.0) =
[16820.857297016257, 7051.372016309787, 637.4950077814847]
[7051.372016309787, 41882.576586954376, 7814.7590831043135]
[637.4950077814842, 7814.759083104314, 8250.549393816096]
------------------------------------
Ql(74.0) =
[16780.435107418773, 6804.3208150986975, 526.1201791379754]
[6804.3208150986975, 42417.101178974044, 7483.656197767887]
[526.1201791379749, 7483.656197767888, 8003.730844812571]
------------------------------------
Ql(75.0) =
[16747.217857744316, 6565.8187359787225, 426.835438318004]
[6565.818735978721, 42927.32258688845, 7130.669611623461]
[426.835438318004, 7130.669611623461, 7765.156728461912]
------------------------------------
Ql(76.0) =
[16720.520425306917, 6336.7613024333505, 339.2379357417017]
[6336.761302433351, 43412.134886416585, 6756.961854141942]
[339.2379357417017, 6756.961854141942, 7536.149992527111]
------------------------------------
Ql(77.0) =
[16699.43317922616, 6118.514316037618, 263.078711761877]
[6118.514316037618, 43869.71610528882, 6363.001052467938]
[263.078711761877, 6363.001052467938, 7317.637308058012]
------------------------------------
Ql(78.0) =
[16683.549284363184, 5911.257886933054, 197.61242968034412]
[5911.257886933054, 44300.11285836092, 5950.250808091159]
[197.61242968034435, 5950.250808091161, 7110.549132015964]
------------------------------------
Ql(79.0) =
[16671.76279577996, 5716.883637748432, 142.52426058414767]
[5716.883637748432, 44700.647845313375, 5519.601831417767]
[142.52426058414676, 5519.601831417768, 6916.274111056619]
------------------------------------
Ql(80.0) =
[16663.314556834397, 5536.4221905226295, 97.0086151961168]
[5536.4221905226295, 45070.01897871055, 5072.600951316187]
[97.00861519611658, 5072.600951316189, 6735.522396551814]
------------------------------------
Ql(81.0) =
[16657.899097308546, 5370.0399574752355, 60.44225834643544]
[5370.0399574752355, 45408.19890433118, 4610.355385250527]
[60.44225834643521, 4610.355385250528, 6569.133199607467]
------------------------------------
Ql(82.0) =
[16654.771983048602, 5218.845946555763, 32.129475749201674]
[5218.8459465557635, 45713.71404043008, 4134.176632599424]
[32.12947574920213, 4134.176632599425, 6418.138711326463]
------------------------------------
Ql(83.0) =
[16653.24432259514, 5083.868532119622, 11.28671199749624]
[5083.868532119623, 45985.19652975583, 3645.3071401643856]
[11.286711997496013, 3645.307140164384, 6282.982970002296]
------------------------------------
Ql(84.0) =
[16653.098820542666, 4965.198043573805, -3.0204078519705035]
[4965.198043573805, 46222.68300889993, 3145.742960476172]
[-3.020407851970276, 3145.742960476172, 6164.619755827786]
------------------------------------
Ql(85.0) =
[16653.670448840618, 4863.918496763948, -11.372975465692548]
[4863.9184967639485, 46424.670474221704, 2635.9587756025344]
[-11.372975465692434, 2635.9587756025344, 6063.36538293673]
------------------------------------
Ql(86.0) =
[16654.595737184478, 4780.479215193533, -15.101150952977264]
[4780.479215193533, 46590.623749018676, 2118.818615834686]
[-15.10115095297715, 2118.818615834685, 5979.932119880521]
------------------------------------
Ql(87.0) =
[16655.603652307727, 4715.248270427949, -14.670675525242473]
[4715.248270427949, 46720.077723426584, 1594.4974097874729]
[-14.670675525242586, 1594.4974097874729, 5914.5846997268345]
------------------------------------
Ql(88.0) =
[16656.545162145107, 4668.310002333202, -11.473688295332408]
[4668.310002333201, 46813.012749778696, 1065.9039356558496]
[-11.473688295332295, 1065.9039356558494, 5867.715078167011]
------------------------------------
Ql(89.0) =
[16657.015923317016, 4640.419905589135, -6.228057373423866]
[4640.419905589135, 46868.32224179599, 533.7370168664945]
[-6.228057373423809, 533.7370168664944, 5839.437652040882]
------------------------------------
Ql(90.0) =
[16657.34674226295, 4630.742394349101, 0.0]
[4630.742394349101, 46887.346385629055, 0.0]
[0.0, 0.0, 5830.0]
------------------------------------